1001 1 11 2024 8
1002 1 11 2024 9
1003 1 11 2024 8
1004 1 11 2024 4
1005 1 11 2024 8
1006 1 11 2024 8
1007 1 11 2024 2
1008 1 11 2024 8
1009 1 11 2024 8
1010 1 11 2024 1
1001 2 11 2024 8
1002 2 11 2024 8
1003 2 11 2024 8
1004 2 11 2024 8
1005 2 11 2024 8
1006 2 11 2024 8
1007 2 11 2024 8
1008 2 11 2024 8
1009 2 11 2024 8
1010 2 11 2024 8
1001 3 11 2024 8
1002 3 11 2024 8
1003 3 11 2024 3
1004 3 11 2024 8
1005 3 11 2024 10
1006 3 11 2024 8
1007 3 11 2024 6
1008 3 11 2024 7
1009 3 11 2024 8
1010 3 11 2024 7
1008 9 12 2024 8
$